G = 6.67e-11
c =3e8
m = 9.11e-31
g = 9.80665 
k = 1.380649e-21
e = 2.7182818284
h = 6.62607015e-34
N = 6.02e23
V = 22.4e-3
C = 299792458
print(G,c,m,g,k,e,h,N,V,C)
